Source,Target,Weight
12,13,0.18160864024436382
13,12,0.18160864024436382
14,17,0.284747802524568
17,14,0.284747802524568
14,18,0.1725421749594894
18,14,0.1725421749594894
14,19,0.268296196697554
19,14,0.268296196697554
14,21,0.1346720994980095
21,14,0.1346720994980095
15,16,0.49743919689091465
16,15,0.49743919689091465
15,20,0.21406628275362435
20,15,0.21406628275362435
16,20,0.3121657920980028
20,16,0.3121657920980028
17,18,0.12228611363467878
18,17,0.12228611363467878
17,19,0.04705394357390386
19,17,0.04705394357390386
17,21,0.1527150374901775
21,17,0.1527150374901775
18,19,0.09741746441667647
19,18,0.09741746441667647
18,21,0.04149864170589057
21,18,0.04149864170589057
19,21,0.13486059688055493
21,19,0.13486059688055493
23,27,0.37226823083216104
27,23,0.37226823083216104
23,29,0.424868303283686
29,23,0.424868303283686
23,31,0.4859798684898064
31,23,0.4859798684898064
23,32,0.3116464911794499
32,23,0.3116464911794499
23,34,0.4358878502320891
34,23,0.4358878502320891
23,42,0.25326258264586016
42,23,0.25326258264586016
23,45,0.37081376067307453
45,23,0.37081376067307453
23,46,0.3228534754238813
46,23,0.3228534754238813
23,47,0.07294477059362849
47,23,0.07294477059362849
23,49,0.25219798273495364
49,23,0.25219798273495364
23,54,0.28781257844287333
54,23,0.28781257844287333
24,31,0.45234181101446025
31,24,0.45234181101446025
24,33,0.27297980678973094
33,24,0.27297980678973094
24,38,0.12988719872336682
38,24,0.12988719872336682
24,39,0.08444587121308142
39,24,0.08444587121308142
24,51,0.12316786578487893
51,24,0.12316786578487893
24,55,0.3023267196498716
55,24,0.3023267196498716
25,44,0.2264923450073724
44,25,0.2264923450073724
27,29,0.09180016282690336
29,27,0.09180016282690336
27,31,0.1339088180998016
31,27,0.1339088180998016
27,32,0.3753865448637004
32,27,0.3753865448637004
27,34,0.3869773619585376
34,27,0.3869773619585376
27,35,0.29093624833231496
35,27,0.29093624833231496
27,36,0.3285108402359159
36,27,0.3285108402359159
27,42,0.2850015294244079
42,27,0.2850015294244079
27,43,0.3349780165275407
43,27,0.3349780165275407
27,46,0.07050496156203628
46,27,0.07050496156203628
27,47,0.3003527668661741
47,27,0.3003527668661741
27,54,0.48729576608673286
54,27,0.48729576608673286
28,37,0.04324401169881144
37,28,0.04324401169881144
28,48,0.1597658548115936
48,28,0.1597658548115936
29,30,0.4136890969043905
30,29,0.4136890969043905
29,31,0.1699516189582789
31,29,0.1699516189582789
29,32,0.35577070624137885
32,29,0.35577070624137885
29,34,0.3356354555959242
34,29,0.3356354555959242
29,35,0.20171483991998196
35,29,0.20171483991998196
29,36,0.24866114847245369
36,29,0.24866114847245369
29,42,0.2792224833214057
42,29,0.2792224833214057
29,43,0.2447086429758703
43,29,0.2447086429758703
29,46,0.10437923897031195
46,29,0.10437923897031195
29,47,0.3548667983835442
47,29,0.3548667983835442
30,34,0.4627747884975375
34,30,0.4627747884975375
30,35,0.2510544576117602
35,30,0.2510544576117602
30,36,0.3040449312531702
36,30,0.3040449312531702
30,43,0.17376352797863415
43,30,0.17376352797863415
30,55,0.33231907717746595
55,30,0.33231907717746595
31,35,0.3500972325772212
35,31,0.3500972325772212
31,36,0.41247139242429837
36,31,0.41247139242429837
31,39,0.398815356141354
39,31,0.398815356141354
31,42,0.4173083010742996
42,31,0.4173083010742996
31,43,0.3625518807278269
43,31,0.3625518807278269
31,46,0.20326421066115863
46,31,0.20326421066115863
31,47,0.4148224461124888
47,31,0.4148224461124888
31,55,0.49214962195982653
55,31,0.49214962195982653
32,34,0.13893804887683492
34,32,0.13893804887683492
32,35,0.3495314845821727
35,32,0.3495314845821727
32,36,0.2800157620394649
36,32,0.2800157620394649
32,42,0.09863606092203744
42,32,0.09863606092203744
32,43,0.43790008676963443
43,32,0.43790008676963443
32,45,0.20195580218085912
45,32,0.20195580218085912
32,46,0.30680912204796185
46,32,0.30680912204796185
32,47,0.29165344366087953
47,32,0.29165344366087953
32,49,0.313939977080817
49,32,0.313939977080817
32,53,0.3680504258793673
53,32,0.3680504258793673
33,38,0.14411714247582944
38,33,0.14411714247582944
33,39,0.3546437529331951
39,33,0.3546437529331951
33,51,0.15418937010040198
51,33,0.15418937010040198
33,55,0.20753953291064609
55,33,0.20753953291064609
34,35,0.25381781490378946
35,34,0.25381781490378946
34,36,0.16801341039851417
36,34,0.16801341039851417
34,42,0.18770434067644573
42,34,0.18770434067644573
34,43,0.3371241941255628
43,34,0.3371241941255628
34,45,0.2974093585242274
45,34,0.2974093585242274
34,46,0.32813222024936656
46,34,0.32813222024936656
34,47,0.40244981941698327
47,34,0.40244981941698327
34,49,0.44782625466031517
49,34,0.44782625466031517
34,53,0.30137151910294513
53,34,0.30137151910294513
35,36,0.0922082416479604
36,35,0.0922082416479604
35,42,0.3229834152840514
42,35,0.3229834152840514
35,43,0.08951036318956097
43,35,0.08951036318956097
35,46,0.27531584636079365
46,35,0.27531584636079365
35,47,0.48767334771428617
47,35,0.48767334771428617
35,53,0.4998109704810891
53,35,0.4998109704810891
35,55,0.46995779786087144
55,35,0.46995779786087144
36,42,0.275405489277857
42,36,0.275405489277857
36,43,0.17049323283025775
43,36,0.17049323283025775
36,45,0.46198429165670923
45,36,0.46198429165670923
36,46,0.2939054205387356
46,36,0.2939054205387356
36,47,0.4666565678642487
47,36,0.4666565678642487
36,53,0.41109092005372466
53,36,0.41109092005372466
37,48,0.1476170816104166
48,37,0.1476170816104166
38,39,0.21174427934018997
39,38,0.21174427934018997
38,51,0.02572103989829101
51,38,0.02572103989829101
38,55,0.22194117733720148
55,38,0.22194117733720148
39,51,0.20652217266456815
51,39,0.20652217266456815
39,55,0.3564199867547857
55,39,0.3564199867547857
41,50,0.14181406779766714
50,41,0.14181406779766714
41,52,0.05434122561567454
52,41,0.05434122561567454
41,56,0.30098078805138606
56,41,0.30098078805138606
42,43,0.40984701878530044
43,42,0.40984701878530044
42,45,0.28020227402394576
45,42,0.28020227402394576
42,46,0.21555093520401622
46,42,0.21555093520401622
42,47,0.21575201696283577
47,42,0.21575201696283577
42,49,0.3339268295637295
49,42,0.3339268295637295
42,53,0.45820936740201323
53,42,0.45820936740201323
43,46,0.33540828976158554
46,43,0.33540828976158554
43,55,0.38724195303003456
55,43,0.38724195303003456
44,45,0.443381708736983
45,44,0.443381708736983
44,53,0.3292057585065593
53,44,0.3292057585065593
45,46,0.49425681372838864
46,45,0.49425681372838864
45,47,0.3901539913913292
47,45,0.3901539913913292
45,49,0.21428053996329113
49,45,0.21428053996329113
45,53,0.35314353955761413
53,45,0.35314353955761413
46,47,0.2521966985516525
47,46,0.2521966985516525
46,54,0.4762618356203248
54,46,0.4762618356203248
47,49,0.30666065509587653
49,47,0.30666065509587653
47,54,0.30025993353879565
54,47,0.30025993353879565
49,54,0.49451860804879305
54,49,0.49451860804879305
50,52,0.1320050239549903
52,50,0.1320050239549903
50,56,0.3297530832017438
56,50,0.3297530832017438
51,55,0.24656660621369422
55,51,0.24656660621369422
52,56,0.3507953566218091
56,52,0.3507953566218091
57,59,0.4282121723694631
59,57,0.4282121723694631
57,63,0.2631572718938372
63,57,0.2631572718938372
57,73,0.3941816803864317
73,57,0.3941816803864317
57,370,0.13100325298762253
370,57,0.13100325298762253
59,63,0.16659605449533837
63,59,0.16659605449533837
59,370,0.3011415581323605
370,59,0.3011415581323605
59,383,0.2432176650095332
383,59,0.2432176650095332
59,384,0.2432176650095332
384,59,0.2432176650095332
60,64,0.06600711940837664
64,60,0.06600711940837664
60,73,0.341736101608388
73,60,0.341736101608388
60,379,0.41503873451880613
379,60,0.41503873451880613
61,76,0.35890451027832365
76,61,0.35890451027832365
62,71,0.3039099032879811
71,62,0.3039099032879811
63,370,0.13557861191563278
370,63,0.13557861191563278
63,383,0.3932220653415137
383,63,0.3932220653415137
63,384,0.3932220653415137
384,63,0.3932220653415137
64,73,0.28422873911380775
73,64,0.28422873911380775
64,373,0.48973784029360073
373,64,0.48973784029360073
64,377,0.4904292503415214
377,64,0.4904292503415214
64,379,0.4753897284598257
379,64,0.4753897284598257
65,372,0.39533925879186393
372,65,0.39533925879186393
65,381,0.2950474814185906
381,65,0.2950474814185906
66,77,0.19515697898840242
77,66,0.19515697898840242
66,371,0.2144914941861142
371,66,0.2144914941861142
67,78,0.4994912836677535
78,67,0.4994912836677535
67,375,0.4896658616611091
375,67,0.4896658616611091
69,371,0.46283153888872763
371,69,0.46283153888872763
71,76,0.3977386100459431
76,71,0.3977386100459431
72,767,0.2778806405433733
767,72,0.2778806405433733
72,769,0.16719712442997609
769,72,0.16719712442997609
73,373,0.3620714572005375
373,73,0.3620714572005375
73,377,0.3658369672068755
377,73,0.3658369672068755
74,394,0.29262900328166147
394,74,0.29262900328166147
74,395,0.17255794381896422
395,74,0.17255794381896422
74,397,0.12166300932416309
397,74,0.12166300932416309
77,371,0.16660405190152167
371,77,0.16660405190152167
77,375,0.4183609430064409
375,77,0.4183609430064409
78,375,0.2315942465761111
375,78,0.2315942465761111
79,80,0.06870803939731042
80,79,0.06870803939731042
79,81,0.057605139925063296
81,79,0.057605139925063296
79,82,0.029715820439131523
82,79,0.029715820439131523
79,87,0.11887674473177229
87,79,0.11887674473177229
79,399,0.18858667898653572
399,79,0.18858667898653572
79,400,0.0731897995010616
400,79,0.0731897995010616
79,770,0.38076171823937993
770,79,0.38076171823937993
79,771,0.4011757584182348
771,79,0.4011757584182348
80,81,0.1227189013593255
81,80,0.1227189013593255
80,82,0.04154381007739596
82,80,0.04154381007739596
80,87,0.17736221684638934
87,80,0.17736221684638934
80,399,0.23711492960850108
399,80,0.23711492960850108
80,400,0.13621781736269195
400,80,0.13621781736269195
80,770,0.4159499667672169
770,80,0.4159499667672169
80,771,0.4254268903155511
771,80,0.4254268903155511
81,82,0.08608221546025961
82,81,0.08608221546025961
81,87,0.0655066359911322
87,81,0.0655066359911322
81,399,0.14082880568955755
399,81,0.14082880568955755
81,400,0.018045926173301245
400,81,0.018045926173301245
81,770,0.3389442845201304
770,81,0.3389442845201304
81,771,0.36730649621315187
771,81,0.36730649621315187
82,87,0.14570379653575638
87,82,0.14570379653575638
82,399,0.2123473889098412
399,82,0.2123473889098412
82,400,0.1011780737942485
400,82,0.1011780737942485
82,770,0.4003742455487838
770,82,0.4003742455487838
82,771,0.41669400979927024
771,82,0.41669400979927024
84,403,0.1093458979198023
403,84,0.1093458979198023
87,399,0.07874662862709572
399,87,0.07874662862709572
87,400,0.04846189013810449
400,87,0.04846189013810449
87,770,0.2787083633883412
770,87,0.2787083633883412
87,771,0.31319021538599656
771,87,0.31319021538599656
88,90,0.3541941980960574
90,88,0.3541941980960574
89,95,0.14039464846603825
95,89,0.14039464846603825
90,94,0.23711797927240344
94,90,0.23711797927240344
92,93,0.13166972740248445
93,92,0.13166972740248445
92,104,0.14435738966760223
104,92,0.14435738966760223
92,413,0.06715242954499456
413,92,0.06715242954499456
92,414,0.22926597095968532
414,92,0.22926597095968532
92,423,0.22925621061250973
423,92,0.22925621061250973
93,104,0.030002873234735935
104,93,0.030002873234735935
93,413,0.08377263032912984
413,93,0.08377263032912984
93,414,0.1082133862329605
414,93,0.1082133862329605
93,423,0.31229609926760726
423,93,0.31229609926760726
96,429,0.00796899879329021
429,96,0.00796899879329021
96,431,0.00796899879329021
431,96,0.00796899879329021
98,101,0.23484445467208917
101,98,0.23484445467208917
98,418,0.1599592202511299
418,98,0.1599592202511299
98,422,0.15579261729290947
422,98,0.15579261729290947
99,112,0.062478205507190236
112,99,0.062478205507190236
99,434,0.33775372759530997
434,99,0.33775372759530997
99,435,0.4103726370259769
435,99,0.4103726370259769
100,107,0.32570200640199876
107,100,0.32570200640199876
101,106,0.4983728426824257
106,101,0.4983728426824257
101,418,0.20112785106341113
418,101,0.20112785106341113
101,422,0.1874255065746966
422,101,0.1874255065746966
102,410,0.4932112592551001
410,102,0.4932112592551001
102,416,0.21800056528461556
416,102,0.21800056528461556
102,417,0.0832810336912954
417,102,0.0832810336912954
102,420,0.09150404041801595
420,102,0.09150404041801595
102,421,0.2931624585221673
421,102,0.2931624585221673
103,425,0.2667725715102795
425,103,0.2667725715102795
104,413,0.10649063870379002
413,104,0.10649063870379002
104,414,0.086764936814833
414,104,0.086764936814833
104,423,0.3379173791510203
423,104,0.3379173791510203
106,108,0.07543746571459398
108,106,0.07543746571459398
106,410,0.05382325057452913
410,106,0.05382325057452913
106,416,0.34011797515676084
416,106,0.34011797515676084
108,410,0.07880100921199273
410,108,0.07880100921199273
108,416,0.34263767676984963
416,108,0.34263767676984963
112,430,0.469486514570187
430,112,0.469486514570187
112,433,0.45468081153238404
433,112,0.45468081153238404
112,434,0.2881530411558046
434,112,0.2881530411558046
112,435,0.36057118301105795
435,112,0.36057118301105795
115,121,0.4172862536463903
121,115,0.4172862536463903
115,125,0.1700830022296201
125,115,0.1700830022296201
115,126,0.31485897522720424
126,115,0.31485897522720424
120,123,0.03450118703284201
123,120,0.03450118703284201
120,124,0.07634847076589349
124,120,0.07634847076589349
121,125,0.3884555450561531
125,121,0.3884555450561531
121,126,0.10522973439518024
126,121,0.10522973439518024
123,124,0.051305563848379906
124,123,0.051305563848379906
125,126,0.3066055690692739
126,125,0.3066055690692739
129,470,0.10905765019155321
470,129,0.10905765019155321
129,472,0.3878932480094926
472,129,0.3878932480094926
130,147,0.07900922044916983
147,130,0.07900922044916983
131,133,0.3341527645062398
133,131,0.3341527645062398
131,140,0.4249985690274789
140,131,0.4249985690274789
131,469,0.25001129633296815
469,131,0.25001129633296815
133,140,0.11421307037190649
140,133,0.11421307037190649
136,142,0.47257349989886105
142,136,0.47257349989886105
140,459,0.4893889143994119
459,140,0.4893889143994119
144,448,0.2369045794091345
448,144,0.2369045794091345
144,453,0.29899136225020034
453,144,0.29899136225020034
144,460,0.391808690862029
460,144,0.391808690862029
146,456,0.28875489762278017
456,146,0.28875489762278017
146,462,0.3489929410269318
462,146,0.3489929410269318
146,464,0.44344056297729345
464,146,0.44344056297729345
148,149,0.09842572548034967
149,148,0.09842572548034967
150,154,0.0716811237438379
154,150,0.0716811237438379
151,152,0.4249355199195288
152,151,0.4249355199195288
151,155,0.3559114044775108
155,151,0.3559114044775108
151,160,0.12592152314907196
160,151,0.12592152314907196
152,155,0.09733193038860351
155,152,0.09733193038860351
152,160,0.40621781213896213
160,152,0.40621781213896213
152,171,0.1302102633661185
171,152,0.1302102633661185
155,160,0.3192342381261561
160,155,0.3192342381261561
155,171,0.19186982372476766
171,155,0.19186982372476766
156,478,0.11651451430364793
478,156,0.11651451430364793
156,481,0.11289156737545648
481,156,0.11289156737545648
156,484,0.15316367305885295
484,156,0.15316367305885295
156,485,0.45332573521316416
485,156,0.45332573521316416
156,486,0.3908301901960268
486,156,0.3908301901960268
157,478,0.4577310106188874
478,157,0.4577310106188874
157,481,0.466890695169834
481,157,0.466890695169834
157,484,0.4609802610412329
484,157,0.4609802610412329
157,485,0.12356656346183727
485,157,0.12356656346183727
157,486,0.19060827950260115
486,157,0.19060827950260115
158,161,0.3983756687360092
161,158,0.3983756687360092
158,174,0.25900514049889384
174,158,0.25900514049889384
158,178,0.4028297313182326
178,158,0.4028297313182326
158,185,0.14419411662422071
185,158,0.14419411662422071
158,192,0.3239443771527086
192,158,0.3239443771527086
158,193,0.335285364528793
193,158,0.335285364528793
161,174,0.482637142038261
174,161,0.482637142038261
161,176,0.46086119122936653
176,161,0.46086119122936653
161,185,0.3112052973858945
185,161,0.3112052973858945
161,186,0.1620057245999085
186,161,0.1620057245999085
161,191,0.26555126371623855
191,161,0.26555126371623855
161,193,0.1930058178753239
193,161,0.1930058178753239
163,477,0.0286439906436184
477,163,0.0286439906436184
164,175,0.06097845229906098
175,164,0.06097845229906098
166,176,0.16406030275705366
176,166,0.16406030275705366
166,186,0.4936589136571908
186,166,0.4936589136571908
166,187,0.16905618486389432
187,166,0.16905618486389432
166,191,0.3568296992620077
191,166,0.3568296992620077
168,172,0.16274460894627651
172,168,0.16274460894627651
168,201,0.06059488687967497
201,168,0.06059488687967497
170,177,0.24077976393695805
177,170,0.24077976393695805
170,179,0.13027944866940552
179,170,0.13027944866940552
170,180,0.0772064027376446
180,170,0.0772064027376446
170,181,0.19537400892779197
181,170,0.19537400892779197
170,182,0.4399952221725534
182,170,0.4399952221725534
170,190,0.11685044597059836
190,170,0.11685044597059836
170,202,0.3689964659168238
202,170,0.3689964659168238
172,201,0.13078746943823502
201,172,0.13078746943823502
173,197,0.27722984824688063
197,173,0.27722984824688063
174,185,0.19579714795476083
185,174,0.19579714795476083
174,192,0.232486323423105
192,174,0.232486323423105
174,193,0.31844199431851433
193,174,0.31844199431851433
176,186,0.33087082663477885
186,176,0.33087082663477885
176,187,0.30371063266661774
187,176,0.30371063266661774
176,191,0.19680328613520523
191,176,0.19680328613520523
177,179,0.2566791957912012
179,177,0.2566791957912012
177,180,0.2603367471546148
180,177,0.2603367471546148
177,181,0.40947077431113316
181,177,0.40947077431113316
177,182,0.34771811846023676
182,177,0.34771811846023676
177,190,0.3550967275574057
190,177,0.3550967275574057
178,184,0.40403988333124574
184,178,0.40403988333124574
179,180,0.20645714781647284
180,179,0.20645714781647284
179,181,0.30408838777136843
181,179,0.30408838777136843
179,190,0.16976051108817658
190,179,0.16976051108817658
179,202,0.3757342336417034
202,179,0.3757342336417034
180,181,0.15019721277904832
181,180,0.15019721277904832
180,182,0.3891680743000151
182,180,0.3891680743000151
180,190,0.14526820697155307
190,180,0.14526820697155307
180,202,0.3883659440113838
202,180,0.3883659440113838
181,182,0.47577884592197184
182,181,0.47577884592197184
181,190,0.15259939739471798
190,181,0.15259939739471798
181,202,0.3032541671377164
202,181,0.3032541671377164
183,184,0.40026555868180985
184,183,0.40026555868180985
185,186,0.4239495817772071
186,185,0.4239495817772071
185,192,0.36239585715442235
192,185,0.36239585715442235
185,193,0.20039665898017617
193,185,0.20039665898017617
186,191,0.1435342082160244
191,186,0.1435342082160244
186,193,0.24324962318228868
193,186,0.24324962318228868
187,191,0.47190437603317964
191,187,0.47190437603317964
187,202,0.4110060527873008
202,187,0.4110060527873008
190,202,0.25353776264093636
202,190,0.25353776264093636
191,193,0.38519304486299905
193,191,0.38519304486299905
194,195,0.18920896608848037
195,194,0.18920896608848037
194,196,0.001
196,194,0.001
194,205,0.0711192665735376
205,194,0.0711192665735376
195,196,0.18920896608848037
196,195,0.18920896608848037
195,205,0.14788941835016067
205,195,0.14788941835016067
196,205,0.0711192665735376
205,196,0.0711192665735376
204,206,0.16638366655267492
206,204,0.16638366655267492
207,215,0.039036957748025514
215,207,0.039036957748025514
208,489,0.08505166674454337
489,208,0.08505166674454337
209,220,0.31257442890825315
220,209,0.31257442890825315
213,490,0.08872676915734505
490,213,0.08872676915734505
213,492,0.12222206567023844
492,213,0.12222206567023844
213,499,0.49780438738814203
499,213,0.49780438738814203
218,222,0.4799656994668661
222,218,0.4799656994668661
218,494,0.43163720840769715
494,218,0.43163720840769715
218,500,0.4725370313313081
500,218,0.4725370313313081
221,224,0.37260994146361165
224,221,0.37260994146361165
221,491,0.37965069471163126
491,221,0.37965069471163126
221,493,0.02079786989261473
493,221,0.02079786989261473
221,499,0.2339569906684851
499,221,0.2339569906684851
222,226,0.026087458656833186
226,222,0.026087458656833186
222,494,0.05833430970411439
494,222,0.05833430970411439
222,498,0.1322592465327551
498,222,0.1322592465327551
222,500,0.008428668140246858
500,222,0.008428668140246858
224,493,0.39240696870442
493,224,0.39240696870442
225,496,0.32497594565681054
496,225,0.32497594565681054
226,494,0.08092455111126677
494,226,0.08092455111126677
226,498,0.10717189529304959
498,226,0.10717189529304959
226,500,0.03351611201057118
500,226,0.03351611201057118
228,230,0.3031742566150895
230,228,0.3031742566150895
228,234,0.23888514152719098
234,228,0.23888514152719098
228,238,0.06717574861830618
238,228,0.06717574861830618
230,234,0.06703168458936232
234,230,0.06703168458936232
230,238,0.2698510490655604
238,230,0.2698510490655604
232,233,0.3367798342429347
233,232,0.3367798342429347
232,502,0.38763408715771946
502,232,0.38763408715771946
232,504,0.4732588173382546
504,232,0.4732588173382546
233,502,0.053027196261277235
502,233,0.053027196261277235
233,504,0.2864604378773029
504,233,0.2864604378773029
234,238,0.21077237241823282
238,234,0.21077237241823282
235,237,0.11862913635873373
237,235,0.11862913635873373
239,240,0.11860452300534909
240,239,0.11860452300534909
241,245,0.39959312348543136
245,241,0.39959312348543136
241,512,0.29169940274487266
512,241,0.29169940274487266
241,514,0.274113060874202
514,241,0.274113060874202
242,249,0.09530090112025218
249,242,0.09530090112025218
242,523,0.018482521442158187
523,242,0.018482521442158187
243,513,0.07360525379917403
513,243,0.07360525379917403
243,516,0.3515566738656705
516,243,0.3515566738656705
243,518,0.38552349296590055
518,243,0.38552349296590055
243,520,0.37615822272032784
520,243,0.37615822272032784
243,522,0.42092544899048734
522,243,0.42092544899048734
244,247,0.03743578053179023
247,244,0.03743578053179023
245,512,0.22155788127585557
512,245,0.22155788127585557
245,514,0.31455094901051567
514,245,0.31455094901051567
248,509,0.3973048485631977
509,248,0.3973048485631977
248,511,0.4626163823720459
511,248,0.4626163823720459
248,517,0.12339304753753788
517,248,0.12339304753753788
248,519,0.2804443475185021
519,248,0.2804443475185021
249,523,0.10316106652821293
523,249,0.10316106652821293
253,254,0.4713548932762108
254,253,0.4713548932762108
257,268,0.26843880329781655
268,257,0.26843880329781655
257,269,0.32297689343695957
269,257,0.32297689343695957
257,531,0.28281044514197345
531,257,0.28281044514197345
257,532,0.3839897644446952
532,257,0.3839897644446952
257,533,0.39199033111629666
533,257,0.39199033111629666
257,534,0.1937479111357935
534,257,0.1937479111357935
257,535,0.2154368521783543
535,257,0.2154368521783543
257,536,0.3389137028354148
536,257,0.3389137028354148
257,538,0.13657811033730505
538,257,0.13657811033730505
259,270,0.3063466448945466
270,259,0.3063466448945466
260,263,0.0949954817370769
263,260,0.0949954817370769
260,264,0.09015205552897469
264,260,0.09015205552897469
260,266,0.04175854262536289
266,260,0.04175854262536289
260,271,0.09608421836537451
271,260,0.09608421836537451
260,529,0.2511259681770321
529,260,0.2511259681770321
260,530,0.11509710816177997
530,260,0.11509710816177997
260,537,0.1304040053804168
537,260,0.1304040053804168
262,526,0.22509949166440535
526,262,0.22509949166440535
263,264,0.08357080177288208
264,263,0.08357080177288208
263,266,0.1281574653382993
266,263,0.1281574653382993
263,271,0.08580180439252352
271,263,0.08580180439252352
263,529,0.24126245437439597
529,263,0.24126245437439597
263,530,0.14920819069526628
530,263,0.14920819069526628
263,537,0.09488652702358233
537,263,0.09488652702358233
264,266,0.13036954221202257
266,264,0.13036954221202257
264,271,0.006943196387615484
271,264,0.006943196387615484
264,529,0.3126241654871802
529,264,0.3126241654871802
264,530,0.19435574805697384
530,264,0.19435574805697384
264,537,0.17035234414915904
537,264,0.17035234414915904
266,271,0.1363127338137901
271,266,0.1363127338137901
266,529,0.23658201466302906
529,266,0.23658201466302906
266,530,0.09260246729535106
530,266,0.09260246729535106
266,537,0.1375678966083435
537,266,0.1375678966083435
268,269,0.10120023189773632
269,268,0.10120023189773632
268,531,0.20382572666184762
531,268,0.20382572666184762
268,532,0.2731665327130558
532,268,0.2731665327130558
268,533,0.2645992293305386
533,268,0.2645992293305386
268,534,0.07608475990175667
534,268,0.07608475990175667
268,535,0.12772123867185603
535,268,0.12772123867185603
268,536,0.18739858000644885
536,268,0.18739858000644885
268,538,0.1592277962505625
538,268,0.1592277962505625
269,531,0.14615248365063152
531,269,0.14615248365063152
269,532,0.3665581749385145
532,269,0.3665581749385145
269,533,0.3554616996938378
533,269,0.3554616996938378
269,534,0.15282492942652104
534,269,0.15282492942652104
269,535,0.2263700537549294
535,269,0.2263700537549294
269,536,0.2793567380752306
536,269,0.2793567380752306
269,538,0.24229122623806762
538,269,0.24229122623806762
271,529,0.31694631604182766
529,271,0.31694631604182766
271,530,0.1998000639181139
530,271,0.1998000639181139
271,537,0.1740407054834666
537,271,0.1740407054834666
274,547,0.2354493153910908
547,274,0.2354493153910908
274,548,0.2880250457232879
548,274,0.2880250457232879
275,283,0.392624536155089
283,275,0.392624536155089
275,546,0.2526583573501857
546,275,0.2526583573501857
275,550,0.3490711905619129
550,275,0.3490711905619129
275,552,0.24789273728501227
552,275,0.24789273728501227
277,282,0.2700668197418445
282,277,0.2700668197418445
277,549,0.15340194055450826
549,277,0.15340194055450826
278,280,0.19537237854602102
280,278,0.19537237854602102
278,284,0.14704288504057533
284,278,0.14704288504057533
278,544,0.17116792133219932
544,278,0.17116792133219932
278,545,0.14912118627568735
545,278,0.14912118627568735
278,548,0.3585328556295199
548,278,0.3585328556295199
278,550,0.41664313959721716
550,278,0.41664313959721716
278,551,0.2159343679233185
551,278,0.2159343679233185
280,284,0.08424046911815282
284,280,0.08424046911815282
280,544,0.11736543916376496
544,280,0.11736543916376496
280,545,0.05660589502837004
545,280,0.05660589502837004
280,546,0.47196403959985445
546,280,0.47196403959985445
280,548,0.37395442708955795
548,280,0.37395442708955795
280,550,0.3847366312908486
550,280,0.3847366312908486
280,551,0.14716323044722215
551,280,0.14716323044722215
282,549,0.2529782381712385
549,282,0.2529782381712385
283,552,0.14592379628877192
552,283,0.14592379628877192
284,544,0.15971717321510961
544,284,0.15971717321510961
284,545,0.08615315903493564
545,284,0.08615315903493564
284,548,0.30175594429671004
548,284,0.30175594429671004
284,550,0.4419078336071614
550,284,0.4419078336071614
284,551,0.20265802536144514
551,284,0.20265802536144514
287,288,0.2395197531600985
288,287,0.2395197531600985
287,289,0.0347953437429054
289,287,0.0347953437429054
287,292,0.06030985801202436
292,287,0.06030985801202436
287,293,0.13125438340759443
293,287,0.13125438340759443
287,294,0.1597891357324462
294,287,0.1597891357324462
287,585,0.27712735542175215
585,287,0.27712735542175215
288,289,0.26588748657606753
289,288,0.26588748657606753
288,292,0.2848425373345467
292,288,0.2848425373345467
288,293,0.298856627643274
293,288,0.298856627643274
288,294,0.11929222395715179
294,288,0.11929222395715179
288,585,0.04450548132551749
585,288,0.04450548132551749
289,292,0.026650270216862133
292,289,0.026650270216862133
289,293,0.1498417110031488
293,289,0.1498417110031488
289,294,0.17571533588254235
294,289,0.17571533588254235
289,585,0.30155811367431146
585,289,0.30155811367431146
291,296,0.2372511953928153
296,291,0.2372511953928153
291,300,0.038447017908988246
300,291,0.038447017908988246
291,304,0.1009520802018286
304,291,0.1009520802018286
291,560,0.2372511953928153
560,291,0.2372511953928153
291,565,0.16093089043204414
565,291,0.16093089043204414
291,581,0.038414355919243436
581,291,0.038414355919243436
291,587,0.2372511953928153
587,291,0.2372511953928153
291,884,0.1009326708164037
884,291,0.1009326708164037
292,293,0.16946014943881693
293,292,0.16946014943881693
292,294,0.1881223247148938
294,292,0.1881223247148938
292,585,0.3188955287966945
585,292,0.3188955287966945
293,294,0.26301268754903767
294,293,0.26301268754903767
293,585,0.342029594275755
585,293,0.342029594275755
294,585,0.14109821898463762
585,294,0.14109821898463762
295,575,0.3072126114447623
575,295,0.3072126114447623
296,300,0.2731061091831761
300,296,0.2731061091831761
296,304,0.2779499689214164
304,296,0.2779499689214164
296,560,0.001
560,296,0.001
296,565,0.2864264904375405
565,296,0.2864264904375405
296,581,0.27313418977857146
581,296,0.27313418977857146
296,587,0.001
587,296,0.001
296,884,0.23231243435485274
884,296,0.23231243435485274
298,567,0.2785482850323633
567,298,0.2785482850323633
298,576,0.22903930433608005
576,298,0.22903930433608005
300,304,0.08757830133015565
304,300,0.08757830133015565
300,560,0.2731061091831761
560,300,0.2731061091831761
300,565,0.17614656070050302
565,300,0.17614656070050302
300,581,0.0012260704469162892
581,300,0.0012260704469162892
300,587,0.2731061091831761
587,300,0.2731061091831761
300,884,0.12541376348731176
884,300,0.12541376348731176
301,562,0.2205340405002546
562,301,0.2205340405002546
301,564,0.07725066439889416
564,301,0.07725066439889416
301,566,0.2171620684600358
566,301,0.2171620684600358
301,570,0.4347696181158944
570,301,0.4347696181158944
301,574,0.4347696181158944
574,301,0.4347696181158944
301,579,0.29591015710102503
579,301,0.29591015710102503
301,583,0.14010196254124704
583,301,0.14010196254124704
303,563,0.3642236868189269
563,303,0.3642236868189269
303,566,0.4396639188366378
566,303,0.4396639188366378
303,570,0.3650051387301231
570,303,0.3650051387301231
303,571,0.2669694452469989
571,303,0.2669694452469989
303,572,0.2462145636016046
572,303,0.2462145636016046
303,574,0.3650051387301231
574,303,0.3650051387301231
303,578,0.2947998986997306
578,303,0.2947998986997306
303,579,0.4649408267458467
579,303,0.4649408267458467
303,580,0.4233117864143173
580,303,0.4233117864143173
304,560,0.2779499689214164
560,304,0.2779499689214164
304,565,0.2592037909164472
565,304,0.2592037909164472
304,581,0.0878043206461923
581,304,0.0878043206461923
304,587,0.2779499689214164
587,304,0.2779499689214164
304,884,0.20086132182601937
884,304,0.20086132182601937
305,326,0.07405098959509156
326,305,0.07405098959509156
306,603,0.08233896300145571
603,306,0.08233896300145571
306,616,0.3357402753768662
616,306,0.3357402753768662
306,624,0.363278942741195
624,306,0.363278942741195
307,317,0.463583442573211
317,307,0.463583442573211
307,320,0.4525815923270195
320,307,0.4525815923270195
307,629,0.19208457855591532
629,307,0.19208457855591532
307,630,0.2446023735411969
630,307,0.2446023735411969
307,643,0.22613923720696616
643,307,0.22613923720696616
307,644,0.41822118588598334
644,307,0.41822118588598334
308,315,0.453970962495566
315,308,0.453970962495566
308,632,0.18371861927865168
632,308,0.18371861927865168
308,633,0.14498839532551663
633,308,0.14498839532551663
309,310,0.06910765620034649
310,309,0.06910765620034649
309,324,0.06908282865322593
324,309,0.06908282865322593
310,324,0.008999594750094514
324,310,0.008999594750094514
312,906,0.3395999407390597
906,312,0.3395999407390597
312,908,0.033056910354037905
908,312,0.033056910354037905
312,912,0.3357953400386792
912,312,0.3357953400386792
312,921,0.38040763966717894
921,312,0.38040763966717894
313,608,0.29951807914058465
608,313,0.29951807914058465
313,622,0.43671599241469994
622,313,0.43671599241469994
316,593,0.10056239348377856
593,316,0.10056239348377856
316,595,0.06509298650925668
595,316,0.06509298650925668
316,605,0.1013731289985309
605,316,0.1013731289985309
316,606,0.13256487652431492
606,316,0.13256487652431492
316,615,0.31650785178977836
615,316,0.31650785178977836
316,620,0.2195608817064829
620,316,0.2195608817064829
316,621,0.13256487652431492
621,316,0.13256487652431492
317,629,0.4004982469206611
629,317,0.4004982469206611
317,638,0.4476474755788675
638,317,0.4476474755788675
317,643,0.42438379151835964
643,317,0.42438379151835964
317,644,0.04637228528670372
644,317,0.04637228528670372
318,628,0.04699483490427193
628,318,0.04699483490427193
318,647,0.2672135338241719
647,318,0.2672135338241719
318,648,0.35872254739415343
648,318,0.35872254739415343
318,649,0.2920791022964473
649,318,0.2920791022964473
318,650,0.2620880255305842
650,318,0.2620880255305842
318,651,0.26556908387221806
651,318,0.26556908387221806
318,652,0.28700796196188133
652,318,0.28700796196188133
318,653,0.2766029438654218
653,318,0.2766029438654218
318,654,0.0977777109113762
654,318,0.0977777109113762
318,662,0.39236735604086453
662,318,0.39236735604086453
320,630,0.21257739144503224
630,320,0.21257739144503224
321,337,0.20060538329807828
337,321,0.20060538329807828
321,342,0.2598753264283279
342,321,0.2598753264283279
321,665,0.001
665,321,0.001
321,666,0.029652375365927876
666,321,0.029652375365927876
321,671,0.2549664443972897
671,321,0.2549664443972897
321,674,0.2616777066125347
674,321,0.2616777066125347
321,685,0.4410156074589933
685,321,0.4410156074589933
321,687,0.2549664443972897
687,321,0.2549664443972897
321,692,0.001
692,321,0.001
321,698,0.4410156074589933
698,321,0.4410156074589933
322,333,0.1892284479311184
333,322,0.1892284479311184
322,669,0.25422705199420126
669,322,0.25422705199420126
322,673,0.11708015131048487
673,322,0.11708015131048487
322,679,0.005811320591288784
679,322,0.005811320591288784
322,684,0.001
684,322,0.001
322,700,0.33122003083894336
700,322,0.33122003083894336
322,703,0.24243938421443986
703,322,0.24243938421443986
323,639,0.11485241504375482
639,323,0.11485241504375482
323,642,0.21405394354566523
642,323,0.21405394354566523
325,935,0.19337765153254644
935,325,0.19337765153254644
325,940,0.014426427169471605
940,325,0.014426427169471605
325,944,0.46041725814500256
944,325,0.46041725814500256
325,949,0.2257085106610473
949,325,0.2257085106610473
325,950,0.15130616658532162
950,325,0.15130616658532162
325,951,0.35815943209649304
951,325,0.35815943209649304
325,953,0.19006737423550063
953,325,0.19006737423550063
325,955,0.15212444543761378
955,325,0.15212444543761378
325,958,0.18892939189146427
958,325,0.18892939189146427
325,959,0.2694960484692924
959,325,0.2694960484692924
325,961,0.12174393475871978
961,325,0.12174393475871978
325,963,0.05759890526686678
963,325,0.05759890526686678
325,966,0.05688787588409504
966,325,0.05688787588409504
325,969,0.16684891332914856
969,325,0.16684891332914856
325,972,0.14808603068207557
972,325,0.14808603068207557
325,974,0.3189484304383828
974,325,0.3189484304383828
330,332,0.17214529023443126
332,330,0.17214529023443126
330,352,0.17258795865720225
352,330,0.17258795865720225
331,349,0.33331553369464734
349,331,0.33331553369464734
331,350,0.04266767590923584
350,331,0.04266767590923584
331,353,0.2397162341522033
353,331,0.2397162341522033
331,716,0.35040415240701805
716,331,0.35040415240701805
331,718,0.20157355399126556
718,331,0.20157355399126556
331,739,0.28497505429137054
739,331,0.28497505429137054
331,742,0.4459547953772399
742,331,0.4459547953772399
331,744,0.08702077950926586
744,331,0.08702077950926586
331,1047,0.08753338765203636
1047,331,0.08753338765203636
331,1048,0.4262941988673261
1048,331,0.4262941988673261
331,1049,0.43637177793569715
1049,331,0.43637177793569715
332,352,0.0014825091095800802
352,332,0.0014825091095800802
333,338,0.3903781897982846
338,333,0.3903781897982846
333,669,0.08715976945753057
669,333,0.08715976945753057
333,673,0.3048823508025674
673,333,0.3048823508025674
333,679,0.19118143037097368
679,333,0.19118143037097368
333,684,0.1892284479311184
684,333,0.1892284479311184
333,694,0.3885550824488115
694,333,0.3885550824488115
333,700,0.1835325303508259
700,333,0.1835325303508259
333,703,0.3788323681092779
703,333,0.3788323681092779
334,347,0.30845362823305494
347,334,0.30845362823305494
334,351,0.4015560146569257
351,334,0.4015560146569257
334,705,0.1070861220121497
705,334,0.1070861220121497
334,707,0.49199602121123664
707,334,0.49199602121123664
334,719,0.31524409897251215
719,334,0.31524409897251215
334,720,0.020634465633176242
720,334,0.020634465633176242
334,734,0.35320970912998745
734,334,0.35320970912998745
334,743,0.47658418267233243
743,334,0.47658418267233243
334,1043,0.41949670388616667
1043,334,0.41949670388616667
334,1052,0.13412065166971698
1052,334,0.13412065166971698
335,339,0.14849532083294495
339,335,0.14849532083294495
336,348,0.1546477988063251
348,336,0.1546477988063251
336,351,0.29092830271487896
351,336,0.29092830271487896
336,722,0.2624551343065104
722,336,0.2624551343065104
336,723,0.11941782868539552
723,336,0.11941782868539552
336,725,0.44882972413078676
725,336,0.44882972413078676
336,726,0.2840310210634193
726,336,0.2840310210634193
336,728,0.2986641811958532
728,336,0.2986641811958532
336,731,0.017357930903367774
731,336,0.017357930903367774
336,736,0.12355147108942938
736,336,0.12355147108942938
336,737,0.0337680286118406
737,336,0.0337680286118406
336,738,0.20292187343588322
738,336,0.20292187343588322
336,740,0.10413430353628043
740,336,0.10413430353628043
336,743,0.21600945846694808
743,336,0.21600945846694808
336,1040,0.1675643894996324
1040,336,0.1675643894996324
336,1740,0.07681145942767982
1740,336,0.07681145942767982
337,342,0.24559732968523504
342,337,0.24559732968523504
337,665,0.20060538329807828
665,337,0.20060538329807828
337,666,0.2292576035886547
666,337,0.2292576035886547
337,671,0.4333075625348997
671,337,0.4333075625348997
337,674,0.44299625065914255
674,337,0.44299625065914255
337,685,0.2905084860783542
685,337,0.2905084860783542
337,687,0.4333075625348997
687,337,0.4333075625348997
337,692,0.20060538329807828
692,337,0.20060538329807828
337,698,0.2905084860783542
698,337,0.2905084860783542
338,669,0.3273197581093343
669,338,0.3273197581093343
338,694,0.028855646309308043
694,338,0.028855646309308043
338,700,0.2870914502077848
700,338,0.2870914502077848
340,1018,0.10242996782735746
1018,340,0.10242996782735746
340,1020,0.36188134229799646
1020,340,0.36188134229799646
340,1025,0.427797007194134
1025,340,0.427797007194134
340,1027,0.480084950102556
1027,340,0.480084950102556
340,1034,0.040605591906476265
1034,340,0.040605591906476265
341,347,0.29877329104682177
347,341,0.29877329104682177
341,704,0.48166190263115877
704,341,0.48166190263115877
341,705,0.4778991018658317
705,341,0.4778991018658317
341,707,0.1028652917179735
707,341,0.1028652917179735
341,719,0.4159470061159529
719,341,0.4159470061159529
341,732,0.453467521102103
732,341,0.453467521102103
341,734,0.3953671238156611
734,341,0.3953671238156611
341,1042,0.01214782146482795
1042,341,0.01214782146482795
341,1043,0.20186896387893513
1043,341,0.20186896387893513
342,665,0.2598753264283279
665,342,0.2598753264283279
342,666,0.2740236804761476
666,342,0.2740236804761476
342,671,0.4992119684089788
671,342,0.4992119684089788
342,685,0.2580321298773792
685,342,0.2580321298773792
342,687,0.4992119684089788
687,342,0.4992119684089788
342,692,0.2598753264283279
692,342,0.2598753264283279
342,698,0.2580321298773792
698,342,0.2580321298773792
343,1039,0.024214579528396278
1039,343,0.024214579528396278
344,682,0.35748656352844527
682,344,0.35748656352844527
346,708,0.3415351815049647
708,346,0.3415351815049647
346,712,0.2903870262984662
712,346,0.2903870262984662
346,1035,0.34145502483764945
1035,346,0.34145502483764945
346,1036,0.21146304397749852
1036,346,0.21146304397749852
347,704,0.48699126495897505
704,347,0.48699126495897505
347,705,0.27035658186941497
705,347,0.27035658186941497
347,707,0.27802341402864866
707,347,0.27802341402864866
347,719,0.13483795229633475
719,347,0.13483795229633475
347,720,0.3001893735184185
720,347,0.3001893735184185
347,732,0.3947870953298148
732,347,0.3947870953298148
347,734,0.1350594527607675
734,347,0.1350594527607675
347,1042,0.29565819389480963
1042,347,0.29565819389480963
347,1043,0.11681067319871155
1043,347,0.11681067319871155
347,1052,0.22636785699044554
1052,347,0.22636785699044554
348,351,0.13783809233740016
351,348,0.13783809233740016
348,722,0.41518473865530653
722,348,0.41518473865530653
348,723,0.036311410872959235
723,348,0.036311410872959235
348,726,0.43245656186611525
726,348,0.43245656186611525
348,728,0.45144518873249007
